14 94 80 21 62 10 97 05 36 88 54 67 58 18 16 25 76 63 12 40
57 24 31 68 90 82 15 46 73 02 64 35 88 19 42 41 50 99 78 66
03 12 39 87 59 06 99 04 72 81 20 43 34 89 48 65 70 52 11 01
14 94 80 21 62 10 97 05 36 88 54 67 58 18 16 25 76 63 12 40
09 84 44 29 13 32 60 71 88 26 24 92 07 00 23 17 55 22 49 38
72 39 46 86 27 04 50 09 90 83 00 49 78 61 03 30 77 02 14 48
06 70 15 20 62 59 99 33 01 88 11 72 44 19 82 08 54 40 46 47
65 34 12 99 79 10 71 09 22 59 97 90 25 72 00 64 33 58 36 11
48 51 19 14 03 40 80 16 13 84 35 73 67 29 55 63 90 41 02 53
94 44 05 21 98 32 32 59 50 12 68 91 56 07 74 00 45 88 23 60
01 86 67 09 30 31 82 53 26 78 11 59 32 63 70 73 44 05 88 02
33 98 14 56 75 32 99 27 46 41 18 17 03 68 52 72 48 80 04 12
74 90 58 19 65 34 11 82 42 30 70 47 36 09 20 07 61 14 87 25
99 00 84 77 26 73 54 11 15 02 90 61 22 00 39 33 88 23 47 48
62 92 35 60 03 99 85 20 13 76 05 64 43 27 16 85 74 98 68 19
12 84 09 29 32 71 36 46 88 55 08 54 10 34 91 00 99 63 64 70
45 02 20 67 57 82 27 92 80 81 44 06 66 35 10 97 15 75 23 39
44 04 11 19 23 40 85 57 49 01 93 30 79 02 99 50 64 74 78 26
48 51 19 14 03 40 80 16 13 84 35 73 67 29 55 63 90 41 02 53
94 44 05 21 98 32 32 59 50 12 68 91 56 07 74 17 45 88 23 60
